 - K: 10
 - Overhead: 1
 - Epsilon: 0.1

 Target lines: [17, 21, 23, 26]
 Target  ISIs: [0, 4, 6, 9]
 Payload ISIs: [11, 12, 16, 17]
 Body count  : 7 (63.63636363636363%)


------ PAYLOAD LINES ------

[0, 0, 1, 0, 0, 0, 0, 1, 0, 0, 0, 0, 0, 0, 1, 0, 0, 0, 0, 0, 0, 0, 0, 1, 0, 1, 0]
[0, 1, 1, 0, 1, 0, 1, 1, 1, 1, 0, 1, 0, 1, 1, 0, 1, 0, 0, 0, 0, 1, 1, 0, 0, 0, 0]
[0, 1, 1, 0, 0, 0, 0, 0, 0, 1, 1, 1, 0, 0, 0, 0, 0, 0, 0, 0, 1, 0, 0, 0, 1, 0, 0]
[0, 0, 0, 0, 0, 0, 0, 0, 1, 0, 1, 0, 1, 0, 0, 0, 0, 0, 0, 1, 0, 0, 0, 1, 0, 0, 0]

---------------------------

